"年次","県_人口_人口総数(10/1現在)","県_人口_男","県_人口_女","県_人口_性比","県_人口_総数","県_人口_前回比増減_男","県_人口_前回比増減_女","県_世帯_世帯数","県_世帯_世帯数","県_世帯_前回比_増減数","県_世帯_前回比_増減率","県_世帯_１世帯当たり平均構成人員","全国_人口(10/1現在)","全国_性比"
"大正_９年_1920","750411.0","372058.0","378353.0","98.33620983578827","-","-","-","-","161742.0","-","-","4.6395555885298805","5.5963053E7","100.4"
"大正_14年_1925","787511.0","392191.0","395320.0","99.20848932510371","37100.0","20133.0","16967.0","4.9439573780235095","169276.0","7534.0","4.658035637002139","4.652230676528274","5.9736822E7","101.0"
"昭和_５年_1930","830748.0","415035.0","415713.0","99.83690671208262","43237.0","22844.0","20393.0","5.4903360080049675","177455.0","8179.0","4.831754058460739","4.6814572708574005","6.4450005E7","101.0"
"昭和_10年_1935","864087.0","428638.0","435449.0","98.4358673461186","33339.0","13603.0","19736.0","4.0131303355530195","184753.0","7298.0","4.112591924713308","4.676984947470406","6.9254148E7","100.6"
"昭和_15年_1940","865074.0","427217.0","437857.0","97.56998289395852","987.0","-1421.0","2408.0","0.11422460932753299","186142.0","1389.0","0.7518145848781888","4.647387478376723","7.3114308E7","100.0"
"昭和_22年_1947","959999.0","461648.0","498351.0","92.63511059474145","94925.0","34431.0","60494.0","10.97304970441835","216413.0","30271.0","16.26231586638158","4.43595809863548","7.8101473E7","95.4"
"昭和_25年_1950","982113.0","475324.0","506789.0","93.79130170544349","22114.0","13676.0","8438.0","2.3035440661917357","215568.0","-845.0","-0.3904571351998262","4.555931307058562","8.4114574E7","96.2"
"昭和_30年_1955","1006819.0","490533.0","516286.0","95.01187326404357","24706.0","15209.0","9497.0","2.515596474132814","223526.0","7958.0","3.6916425443479555","4.5042590123743995","9.0076594E7","96.5"
"昭和_35年_1960","1002191.0","484994.0","517197.0","93.7735524374658","-4628.0","-5539.0","911.0","-0.4596655406781159","237875.0","14349.0","6.419387453808506","4.213099316868103","9.4301623E7","96.5"
"昭和_40年_1965","1026975.0","497256.0","529719.0","93.8716564820216","24784.0","12262.0","12522.0","2.47298169710165","261074.0","23199.0","9.752601156069364","3.9336548258348207","9.9209137E7","96.4"
"昭和_45年_1970","1042736.0","503202.0","539534.0","93.266040694377","15761.0","5946.0","9815.0","1.5347014289539667","285401.0","24327.0","9.318047756574764","3.6535821528305785","1.04665171E8","96.4"
"昭和_50年_1975","1072118.0","517868.0","554250.0","93.43581416328371","29382.0","14666.0","14716.0","2.8177793803992572","308341.0","22940.0","8.037813462461589","3.4770530030064117","1.11939643E8","96.9"
"昭和_55年_1980","1087012.0","523467.0","563545.0","92.8882343024958","14894.0","5599.0","9295.0","1.3892127545661952","327434.0","19093.0","6.192170356845181","3.319789636995547","1.17060396E8","96.9"
"昭和_60年_1985","1087206.0","520172.0","567034.0","91.7355925746957","194.0","-3295.0","3489.0","0.017847089084573123","333839.0","6405.0","1.956119401161761","3.2566776200503837","1.21048923E8","96.7"
"平成_２年_1990","1074325.0","510777.0","563548.0","90.63593518209629","-12881.0","-9395.0","-3486.0","-1.184780069278499","345446.0","11607.0","3.476825655480636","3.1099650886100867","1.23611167E8","96.5"
"平成_７年_1995","1080435.0","513450.0","566985.0","90.55795126855207","6110.0","2673.0","3437.0","0.5687292020571056","366141.0","20695.0","5.990806088361133","2.950871385613739","1.25570246E8","96.2"
"平成_１２年_2000","1069912.0","506882.0","563030.0","90.02752961653908","-10523.0","-6568.0","-3955.0","-0.9739595625835891","380698.0","14557.0","3.9757907472804193","2.8103956416897384","1.26925843E8","95.8"
"平成_１７年_2005","1035969.0","488022.0","547947.0","89.06372331630614","-33943.0","-18860.0","-15083.0","-3.172503906863368","384880.0","4182.0","1.0985085290702867","2.69","1.27767994E8","95.3"
"平成_２２年_2010","1002198.0","471397.0","530801.0","88.80861189033178","-33771.0","-16625.0","-17146.0","-3.259846578420783","393553.0","8673.0","2.2534296404073997","2.55","1.28057352E8","94.8"
"平成_２７年_2015","963579.0","453216.0","510363.0","88.75369879699748","-38619.0","-18181.0","-20438.0","-3.8534301605072057","392332.0","-1221.0","-0.31025046181835736","2.46","1.27094745E8","94.8"
